AUTO> Runner configured
<_=AUTOSolution instance at 0x7f199ff31990>
AUTO> gfortran -g -fopenmp -O -c bs2026_T230K.f90 -o bs2026_T230K.o
gfortran -g -fopenmp -O bs2026_T230K.o -o bs2026_T230K.exe /usr/local/lib64/auto-07p/lib/*.o
Starting bs2026_T230K ...

  BR    PT  TY  LAB    PAR(1)        L2-NORM         U(1)          U(2)          U(3)     
   1     1  EP    1  -5.29832E+00   1.66984E+01   7.43537E+00  -1.48820E+01   1.44160E+00
   1    20        2  -4.76017E+00   1.64735E+01   7.97051E+00  -1.43445E+01   1.44302E+00
   1    40        3  -4.18153E+00   1.62676E+01   8.54592E+00  -1.37665E+01   1.44453E+00
   1    60        4  -3.60289E+00   1.61005E+01   9.12135E+00  -1.31885E+01   1.44605E+00
   1    80        5  -3.02426E+00   1.59734E+01   9.69678E+00  -1.26105E+01   1.44757E+00
   1   100        6  -2.44564E+00   1.58871E+01   1.02722E+01  -1.20325E+01   1.44909E+00
   1   120        7  -1.86702E+00   1.58425E+01   1.08477E+01  -1.14546E+01   1.45061E+00
   1   140        8  -1.28841E+00   1.58397E+01   1.14231E+01  -1.08766E+01   1.45213E+00
   1   160        9  -7.09799E-01   1.58789E+01   1.19986E+01  -1.02986E+01   1.45365E+00
   1   180       10  -1.31198E-01   1.59598E+01   1.25740E+01  -9.72064E+00   1.45516E+00
   1   200       11   4.47398E-01   1.60817E+01   1.31495E+01  -9.14267E+00   1.45668E+00
   1   209  UZ   12   6.93147E-01   1.61456E+01   1.33940E+01  -8.89718E+00   1.45733E+00
   1   220       13   1.01137E+00   1.62391E+01   1.37105E+01  -8.57930E+00   1.45816E+00
   1   240       14   1.58996E+00   1.64390E+01   1.42860E+01  -8.00133E+00   1.45968E+00
   1   260       15   2.16853E+00   1.66765E+01   1.48615E+01  -7.42336E+00   1.46120E+00
   1   280       16   2.74711E+00   1.69499E+01   1.54370E+01  -6.84539E+00   1.46272E+00
   1   300       17   3.32568E+00   1.72576E+01   1.60125E+01  -6.26742E+00   1.46424E+00
   1   320       18   3.90424E+00   1.75977E+01   1.65880E+01  -5.68946E+00   1.46576E+00
   1   340       19   4.48279E+00   1.79685E+01   1.71635E+01  -5.11149E+00   1.46727E+00
   1   360       20   5.06135E+00   1.83680E+01   1.77390E+01  -4.53353E+00   1.46879E+00
   1   380       21   5.63989E+00   1.87945E+01   1.83146E+01  -3.95557E+00   1.47031E+00
   1   400       22   6.21843E+00   1.92461E+01   1.88901E+01  -3.37760E+00   1.47183E+00
   1   420       23   6.79697E+00   1.97211E+01   1.94657E+01  -2.79964E+00   1.47335E+00
   1   440       24   7.37550E+00   2.02179E+01   2.00412E+01  -2.22169E+00   1.47487E+00
   1   460       25   7.95402E+00   2.07348E+01   2.06168E+01  -1.64373E+00   1.47639E+00
   1   480       26   8.53254E+00   2.12705E+01   2.11924E+01  -1.06577E+00   1.47791E+00
   1   500       27   9.11106E+00   2.18236E+01   2.17679E+01  -4.87818E-01   1.47942E+00
   1   520       28   9.68956E+00   2.23927E+01   2.23435E+01   9.01363E-02   1.48094E+00
   1   540       29   1.02681E+01   2.29767E+01   2.29191E+01   6.68089E-01   1.48246E+00
   1   560       30   1.08466E+01   2.35745E+01   2.34947E+01   1.24604E+00   1.48398E+00
   1   580       31   1.14251E+01   2.41850E+01   2.40703E+01   1.82399E+00   1.48550E+00
   1   600       32   1.20036E+01   2.48073E+01   2.46459E+01   2.40194E+00   1.48702E+00
   1   620       33   1.25820E+01   2.54405E+01   2.52215E+01   2.97989E+00   1.48854E+00
   1   640       34   1.31605E+01   2.60839E+01   2.57971E+01   3.55783E+00   1.49005E+00
   1   660       35   1.37390E+01   2.67367E+01   2.63728E+01   4.13578E+00   1.49157E+00
   1   680       36   1.43175E+01   2.73983E+01   2.69484E+01   4.71373E+00   1.49309E+00
   1   700       37   1.48959E+01   2.80679E+01   2.75240E+01   5.29167E+00   1.49461E+00
   1   720       38   1.54744E+01   2.87451E+01   2.80997E+01   5.86961E+00   1.49613E+00
   1   740       39   1.60528E+01   2.94294E+01   2.86753E+01   6.44755E+00   1.49765E+00
   1   760       40   1.66313E+01   3.01202E+01   2.92510E+01   7.02549E+00   1.49917E+00
   1   780       41   1.72097E+01   3.08171E+01   2.98266E+01   7.60343E+00   1.50068E+00
   1   800       42   1.77882E+01   3.15197E+01   3.04023E+01   8.18137E+00   1.50220E+00
   1   820       43   1.83666E+01   3.22276E+01   3.09780E+01   8.75931E+00   1.50372E+00
   1   840       44   1.89450E+01   3.29406E+01   3.15537E+01   9.33724E+00   1.50524E+00
   1   860       45   1.95235E+01   3.36582E+01   3.21293E+01   9.91518E+00   1.50676E+00
   1   880       46   2.01019E+01   3.43802E+01   3.27050E+01   1.04931E+01   1.50828E+00
   1   900  EP   47   2.06803E+01   3.51063E+01   3.32807E+01   1.10710E+01   1.50980E+00

 Total Time    0.169E-01
bs2026_T230K ... done
<_=bifDiag instance at 0x7f19a02b2b90>
AUTO> Saving fort.7 as b.bs2026_T230K ... done
Saving fort.8 as s.bs2026_T230K ... done
Saving fort.9 as d.bs2026_T230K ... done
AUTO> Deleting fort.* *.o *.exe *.*~ ... done
AUTO> 