AUTO> Runner configured
<_=AUTOSolution instance at 0x7fc35e141cd0>
AUTO> gfortran -g -fopenmp -O -c bs2026_T210K.f90 -o bs2026_T210K.o
gfortran -g -fopenmp -O bs2026_T210K.o -o bs2026_T210K.exe /usr/local/lib64/auto-07p/lib/*.o
Starting bs2026_T210K ...

  BR    PT  TY  LAB    PAR(1)        L2-NORM         U(1)          U(2)          U(3)     
   1     1  EP    1  -5.29832E+00   1.80228E+01   8.17948E+00  -1.59885E+01   1.51128E+00
   1    20        2  -4.76606E+00   1.78058E+01   8.70894E+00  -1.54568E+01   1.51285E+00
   1    40        3  -4.18752E+00   1.76032E+01   9.28444E+00  -1.48788E+01   1.51456E+00
   1    60        4  -3.60898E+00   1.74364E+01   9.85995E+00  -1.43007E+01   1.51628E+00
   1    80        5  -3.03046E+00   1.73066E+01   1.04355E+01  -1.37227E+01   1.51799E+00
   1   100        6  -2.45194E+00   1.72144E+01   1.10110E+01  -1.31447E+01   1.51970E+00
   1   120        7  -1.87342E+00   1.71606E+01   1.15865E+01  -1.25668E+01   1.52142E+00
   1   140        8  -1.29491E+00   1.71454E+01   1.21621E+01  -1.19888E+01   1.52313E+00
   1   160        9  -7.16402E-01   1.71691E+01   1.27376E+01  -1.14108E+01   1.52484E+00
   1   180       10  -1.37901E-01   1.72313E+01   1.33131E+01  -1.08328E+01   1.52656E+00
   1   200       11   4.40594E-01   1.73318E+01   1.38887E+01  -1.02548E+01   1.52827E+00
   1   209  UZ   12   6.93147E-01   1.73875E+01   1.41400E+01  -1.00024E+01   1.52902E+00
   1   220       13   1.01132E+00   1.74678E+01   1.44565E+01  -9.68454E+00   1.52996E+00
   1   240       14   1.58980E+00   1.76420E+01   1.50321E+01  -9.10655E+00   1.53167E+00
   1   260       15   2.16828E+00   1.78518E+01   1.56077E+01  -8.52856E+00   1.53339E+00
   1   280       16   2.74675E+00   1.80960E+01   1.61833E+01  -7.95058E+00   1.53510E+00
   1   300       17   3.32522E+00   1.83732E+01   1.67589E+01  -7.37259E+00   1.53681E+00
   1   320       18   3.90369E+00   1.86820E+01   1.73344E+01  -6.79461E+00   1.53853E+00
   1   340       19   4.48215E+00   1.90207E+01   1.79101E+01  -6.21662E+00   1.54024E+00
   1   360       20   5.06060E+00   1.93879E+01   1.84857E+01  -5.63864E+00   1.54195E+00
   1   380       21   5.63905E+00   1.97819E+01   1.90613E+01  -5.06066E+00   1.54367E+00
   1   400       22   6.21749E+00   2.02012E+01   1.96369E+01  -4.48268E+00   1.54538E+00
   1   420       23   6.79593E+00   2.06443E+01   2.02125E+01  -3.90470E+00   1.54709E+00
   1   440       24   7.37437E+00   2.11096E+01   2.07882E+01  -3.32672E+00   1.54880E+00
   1   460       25   7.95280E+00   2.15956E+01   2.13638E+01  -2.74874E+00   1.55052E+00
   1   480       26   8.53122E+00   2.21011E+01   2.19394E+01  -2.17077E+00   1.55223E+00
   1   500       27   9.10964E+00   2.26248E+01   2.25151E+01  -1.59280E+00   1.55394E+00
   1   520       28   9.68805E+00   2.31653E+01   2.30907E+01  -1.01482E+00   1.55566E+00
   1   540       29   1.02665E+01   2.37216E+01   2.36664E+01  -4.36851E-01   1.55737E+00
   1   560       30   1.08449E+01   2.42926E+01   2.42421E+01   1.41120E-01   1.55908E+00
   1   580       31   1.14233E+01   2.48772E+01   2.48178E+01   7.19089E-01   1.56080E+00
   1   600       32   1.20017E+01   2.54745E+01   2.53934E+01   1.29706E+00   1.56251E+00
   1   620       33   1.25801E+01   2.60837E+01   2.59691E+01   1.87502E+00   1.56422E+00
   1   640       34   1.31584E+01   2.67039E+01   2.65448E+01   2.45299E+00   1.56594E+00
   1   660       35   1.37368E+01   2.73343E+01   2.71205E+01   3.03095E+00   1.56765E+00
   1   680       36   1.43152E+01   2.79744E+01   2.76962E+01   3.60892E+00   1.56936E+00
   1   700       37   1.48936E+01   2.86234E+01   2.82719E+01   4.18688E+00   1.57108E+00
   1   720       38   1.54719E+01   2.92808E+01   2.88476E+01   4.76484E+00   1.57279E+00
   1   740       39   1.60503E+01   2.99459E+01   2.94234E+01   5.34280E+00   1.57450E+00
   1   760       40   1.66287E+01   3.06184E+01   2.99991E+01   5.92076E+00   1.57622E+00
   1   780       41   1.72070E+01   3.12976E+01   3.05748E+01   6.49872E+00   1.57793E+00
   1   800       42   1.77854E+01   3.19833E+01   3.11505E+01   7.07668E+00   1.57964E+00
   1   820       43   1.83637E+01   3.26749E+01   3.17263E+01   7.65463E+00   1.58136E+00
   1   840       44   1.89421E+01   3.33722E+01   3.23020E+01   8.23259E+00   1.58307E+00
   1   860       45   1.95204E+01   3.40747E+01   3.28778E+01   8.81054E+00   1.58478E+00
   1   880       46   2.00987E+01   3.47822E+01   3.34535E+01   9.38849E+00   1.58650E+00
   1   900  EP   47   2.06771E+01   3.54943E+01   3.40293E+01   9.96644E+00   1.58821E+00

 Total Time    0.293E-01
bs2026_T210K ... done
<_=bifDiag instance at 0x7fc35e72f9d0>
AUTO> Saving fort.7 as b.bs2026_T210K ... done
Saving fort.8 as s.bs2026_T210K ... done
Saving fort.9 as d.bs2026_T210K ... done
AUTO> Deleting fort.* *.o *.exe *.*~ ... done
AUTO> 