AUTO> Runner configured
<_=AUTOSolution instance at 0x7f7c99935a90>
AUTO> gfortran -g -fopenmp -O -c bs2026_T190K.f90 -o bs2026_T190K.o
gfortran -g -fopenmp -O bs2026_T190K.o -o bs2026_T190K.exe /usr/local/lib64/auto-07p/lib/*.o
Starting bs2026_T190K ...

  BR    PT  TY  LAB    PAR(1)        L2-NORM         U(1)          U(2)          U(3)     
   1     1  EP    1  -5.29832E+00   1.96569E+01   9.19181E+00  -1.73045E+01   1.56831E+00
   1    20        2  -4.76607E+00   1.94497E+01   9.72123E+00  -1.67727E+01   1.57012E+00
   1    40        3  -4.18755E+00   1.92551E+01   1.02967E+01  -1.61946E+01   1.57208E+00
   1    60        4  -3.60904E+00   1.90934E+01   1.08722E+01  -1.56166E+01   1.57405E+00
   1    80        5  -3.03053E+00   1.89655E+01   1.14477E+01  -1.50385E+01   1.57601E+00
   1   100        6  -2.45203E+00   1.88720E+01   1.20232E+01  -1.44605E+01   1.57798E+00
   1   120        7  -1.87353E+00   1.88134E+01   1.25987E+01  -1.38824E+01   1.57994E+00
   1   140        8  -1.29504E+00   1.87901E+01   1.31742E+01  -1.33044E+01   1.58191E+00
   1   160        9  -7.16550E-01   1.88022E+01   1.37497E+01  -1.27263E+01   1.58387E+00
   1   180       10  -1.38069E-01   1.88496E+01   1.43252E+01  -1.21483E+01   1.58584E+00
   1   200       11   4.40407E-01   1.89321E+01   1.49007E+01  -1.15703E+01   1.58780E+00
   1   209  UZ   12   6.93147E-01   1.89790E+01   1.51522E+01  -1.13177E+01   1.58866E+00
   1   220       13   1.01130E+00   1.90474E+01   1.54687E+01  -1.09998E+01   1.58974E+00
   1   240       14   1.58977E+00   1.91981E+01   1.60443E+01  -1.04218E+01   1.59170E+00
   1   260       15   2.16823E+00   1.93819E+01   1.66198E+01  -9.84372E+00   1.59367E+00
   1   280       16   2.74668E+00   1.95980E+01   1.71954E+01  -9.26569E+00   1.59563E+00
   1   300       17   3.32513E+00   1.98452E+01   1.77709E+01  -8.68766E+00   1.59760E+00
   1   320       18   3.90357E+00   2.01226E+01   1.83465E+01  -8.10963E+00   1.59956E+00
   1   340       19   4.48201E+00   2.04288E+01   1.89221E+01  -7.53160E+00   1.60153E+00
   1   360       20   5.06044E+00   2.07625E+01   1.94977E+01  -6.95357E+00   1.60349E+00
   1   380       21   5.63887E+00   2.11225E+01   2.00733E+01  -6.37554E+00   1.60546E+00
   1   400       22   6.21729E+00   2.15074E+01   2.06489E+01  -5.79752E+00   1.60742E+00
   1   420       23   6.79571E+00   2.19160E+01   2.12245E+01  -5.21949E+00   1.60939E+00
   1   440       24   7.37412E+00   2.23469E+01   2.18001E+01  -4.64147E+00   1.61135E+00
   1   460       25   7.95253E+00   2.27988E+01   2.23757E+01  -4.06345E+00   1.61332E+00
   1   480       26   8.53093E+00   2.32706E+01   2.29513E+01  -3.48543E+00   1.61528E+00
   1   500       27   9.10933E+00   2.37610E+01   2.35269E+01  -2.90741E+00   1.61725E+00
   1   520       28   9.68772E+00   2.42689E+01   2.41026E+01  -2.32939E+00   1.61921E+00
   1   540       29   1.02661E+01   2.47933E+01   2.46782E+01  -1.75137E+00   1.62118E+00
   1   560       30   1.08445E+01   2.53331E+01   2.52538E+01  -1.17336E+00   1.62314E+00
   1   580       31   1.14229E+01   2.58874E+01   2.58295E+01  -5.95346E-01   1.62511E+00
   1   600       32   1.20012E+01   2.64552E+01   2.64052E+01  -1.73334E-02   1.62707E+00
   1   620       33   1.25796E+01   2.70358E+01   2.69808E+01   5.60678E-01   1.62904E+00
   1   640       34   1.31580E+01   2.76282E+01   2.75565E+01   1.13869E+00   1.63100E+00
   1   660       35   1.37363E+01   2.82318E+01   2.81322E+01   1.71670E+00   1.63297E+00
   1   680       36   1.43147E+01   2.88458E+01   2.87079E+01   2.29470E+00   1.63493E+00
   1   700       37   1.48930E+01   2.94696E+01   2.92835E+01   2.87271E+00   1.63690E+00
   1   720       38   1.54714E+01   3.01026E+01   2.98592E+01   3.45071E+00   1.63886E+00
   1   740       39   1.60497E+01   3.07442E+01   3.04349E+01   4.02872E+00   1.64083E+00
   1   760       40   1.66281E+01   3.13940E+01   3.10106E+01   4.60672E+00   1.64279E+00
   1   780       41   1.72064E+01   3.20513E+01   3.15864E+01   5.18472E+00   1.64476E+00
   1   800       42   1.77847E+01   3.27157E+01   3.21621E+01   5.76272E+00   1.64672E+00
   1   820       43   1.83630E+01   3.33869E+01   3.27378E+01   6.34072E+00   1.64869E+00
   1   840       44   1.89414E+01   3.40644E+01   3.33135E+01   6.91871E+00   1.65065E+00
   1   860       45   1.95197E+01   3.47479E+01   3.38893E+01   7.49671E+00   1.65262E+00
   1   880       46   2.00980E+01   3.54369E+01   3.44650E+01   8.07471E+00   1.65458E+00
   1   900  EP   47   2.06763E+01   3.61312E+01   3.50407E+01   8.65270E+00   1.65655E+00

 Total Time    0.260E-01
bs2026_T190K ... done
<_=bifDiag instance at 0x7f7c99e03050>
AUTO> Saving fort.7 as b.bs2026_T190K ... done
Saving fort.8 as s.bs2026_T190K ... done
Saving fort.9 as d.bs2026_T190K ... done
AUTO> Deleting fort.* *.o *.exe *.*~ ... done
AUTO> 