AUTO> Runner configured
<_=AUTOSolution instance at 0x7f9eb6f59e90>
AUTO> gfortran -g -fopenmp -O -c bs2026_figure2_T230K.f90 -o bs2026_figure2_T230K.o
gfortran -g -fopenmp -O bs2026_figure2_T230K.o -o bs2026_figure2_T230K.exe /usr/local/lib64/auto-07p/lib/*.o
Starting bs2026_figure2_T230K ...

  BR    PT  TY  LAB    PAR(1)        L2-NORM         U(1)          U(2)          U(3)     
   1     1  EP    1  -7.60090E+00   1.79933E+01   5.14581E+00  -1.71819E+01   1.43556E+00
   1    20        2  -7.22187E+00   1.77458E+01   5.52268E+00  -1.68033E+01   1.43656E+00
   1    40        3  -6.81680E+00   1.74956E+01   5.92545E+00  -1.63987E+01   1.43762E+00
   1    60        4  -6.41174E+00   1.72606E+01   6.32823E+00  -1.59941E+01   1.43868E+00
   1    80        5  -6.00667E+00   1.70415E+01   6.73100E+00  -1.55895E+01   1.43974E+00
   1   100        6  -5.60161E+00   1.68389E+01   7.13378E+00  -1.51849E+01   1.44081E+00
   1   120        7  -5.19656E+00   1.66535E+01   7.53657E+00  -1.47804E+01   1.44187E+00
   1   140        8  -4.79150E+00   1.64857E+01   7.93935E+00  -1.43758E+01   1.44293E+00
   1   160        9  -4.38645E+00   1.63362E+01   8.34214E+00  -1.39712E+01   1.44400E+00
   1   180       10  -3.98140E+00   1.62054E+01   8.74494E+00  -1.35666E+01   1.44506E+00
   1   200       11  -3.57636E+00   1.60938E+01   9.14774E+00  -1.31620E+01   1.44612E+00
   1   220       12  -3.17132E+00   1.60018E+01   9.55054E+00  -1.27574E+01   1.44719E+00
   1   240       13  -2.76628E+00   1.59298E+01   9.95334E+00  -1.23528E+01   1.44825E+00
   1   260       14  -2.36124E+00   1.58780E+01   1.03562E+01  -1.19482E+01   1.44931E+00
   1   280       15  -1.95621E+00   1.58466E+01   1.07590E+01  -1.15437E+01   1.45037E+00
   1   300       16  -1.55118E+00   1.58358E+01   1.11618E+01  -1.11391E+01   1.45144E+00
   1   320       17  -1.14615E+00   1.58455E+01   1.15646E+01  -1.07345E+01   1.45250E+00
   1   340       18  -7.41125E-01   1.58757E+01   1.19674E+01  -1.03299E+01   1.45356E+00
   1   360       19  -3.36103E-01   1.59264E+01   1.23703E+01  -9.92533E+00   1.45463E+00
   1   380       20   6.89156E-02   1.59974E+01   1.27731E+01  -9.52074E+00   1.45569E+00
   1   400       21   4.73932E-01   1.60882E+01   1.31759E+01  -9.11616E+00   1.45675E+00
   1   411  UZ   22   6.93147E-01   1.61456E+01   1.33940E+01  -8.89718E+00   1.45733E+00
   1   420       23   8.75403E-01   1.61977E+01   1.35752E+01  -8.71512E+00   1.45781E+00
   1   440       24   1.28041E+00   1.63273E+01   1.39781E+01  -8.31054E+00   1.45887E+00
   1   460       25   1.68542E+00   1.64756E+01   1.43809E+01  -7.90596E+00   1.45993E+00
   1   480       26   2.09043E+00   1.66423E+01   1.47838E+01  -7.50138E+00   1.46100E+00
   1   500       27   2.49543E+00   1.68266E+01   1.51866E+01  -7.09680E+00   1.46206E+00
   1   520       28   2.90043E+00   1.70282E+01   1.55895E+01  -6.69223E+00   1.46312E+00
   1   540       29   3.30543E+00   1.72462E+01   1.59923E+01  -6.28765E+00   1.46418E+00
   1   560       30   3.71042E+00   1.74803E+01   1.63952E+01  -5.88307E+00   1.46525E+00
   1   580       31   4.11541E+00   1.77296E+01   1.67980E+01  -5.47850E+00   1.46631E+00
   1   600       32   4.52040E+00   1.79936E+01   1.72009E+01  -5.07392E+00   1.46737E+00
   1   620       33   4.92539E+00   1.82716E+01   1.76038E+01  -4.66935E+00   1.46844E+00
   1   640       34   5.33037E+00   1.85631E+01   1.80067E+01  -4.26477E+00   1.46950E+00
   1   660       35   5.73535E+00   1.88673E+01   1.84095E+01  -3.86020E+00   1.47056E+00
   1   680       36   6.14033E+00   1.91837E+01   1.88124E+01  -3.45563E+00   1.47163E+00
   1   700       37   6.54530E+00   1.95117E+01   1.92153E+01  -3.05106E+00   1.47269E+00
   1   720       38   6.95028E+00   1.98507E+01   1.96182E+01  -2.64649E+00   1.47375E+00
   1   740       39   7.35525E+00   2.02001E+01   2.00211E+01  -2.24191E+00   1.47481E+00
   1   760       40   7.76022E+00   2.05595E+01   2.04240E+01  -1.83734E+00   1.47588E+00
   1   780       41   8.16518E+00   2.09283E+01   2.08269E+01  -1.43277E+00   1.47694E+00
   1   800       42   8.57014E+00   2.13060E+01   2.12298E+01  -1.02821E+00   1.47800E+00
   1   820       43   8.97510E+00   2.16921E+01   2.16327E+01  -6.23637E-01   1.47907E+00
   1   840       44   9.38006E+00   2.20863E+01   2.20356E+01  -2.19069E-01   1.48013E+00
   1   860       45   9.78502E+00   2.24881E+01   2.24385E+01   1.85499E-01   1.48119E+00
   1   880       46   1.01900E+01   2.28970E+01   2.28414E+01   5.90065E-01   1.48226E+00
   1   900       47   1.05949E+01   2.33128E+01   2.32443E+01   9.94632E-01   1.48332E+00
   1   920       48   1.09999E+01   2.37350E+01   2.36472E+01   1.39920E+00   1.48438E+00
   1   940       49   1.14048E+01   2.41634E+01   2.40501E+01   1.80376E+00   1.48545E+00
   1   960       50   1.18098E+01   2.45975E+01   2.44531E+01   2.20833E+00   1.48651E+00
   1   980       51   1.22147E+01   2.50372E+01   2.48560E+01   2.61289E+00   1.48757E+00
   1  1000       52   1.26196E+01   2.54820E+01   2.52589E+01   3.01745E+00   1.48863E+00
   1  1020       53   1.30246E+01   2.59318E+01   2.56619E+01   3.42202E+00   1.48970E+00
   1  1040       54   1.34295E+01   2.63863E+01   2.60648E+01   3.82658E+00   1.49076E+00
   1  1060       55   1.38344E+01   2.68453E+01   2.64677E+01   4.23114E+00   1.49182E+00
   1  1080       56   1.42394E+01   2.73085E+01   2.68707E+01   4.63570E+00   1.49289E+00
   1  1100       57   1.46443E+01   2.77756E+01   2.72736E+01   5.04026E+00   1.49395E+00
   1  1120       58   1.50492E+01   2.82467E+01   2.76766E+01   5.44482E+00   1.49501E+00
   1  1140       59   1.54541E+01   2.87213E+01   2.80795E+01   5.84938E+00   1.49608E+00
   1  1160       60   1.58591E+01   2.91994E+01   2.84825E+01   6.25394E+00   1.49714E+00
   1  1180       61   1.62640E+01   2.96808E+01   2.88854E+01   6.65850E+00   1.49820E+00
   1  1200  EP   62   1.66689E+01   3.01653E+01   2.92884E+01   7.06306E+00   1.49927E+00

 Total Time    0.249E-01
bs2026_figure2_T230K ... done
<_=bifDiag instance at 0x7f9eb71b7e10>
AUTO> Saving fort.7 as b.bs2026_figure2_T230K ... done
Saving fort.8 as s.bs2026_figure2_T230K ... done
Saving fort.9 as d.bs2026_figure2_T230K ... done
AUTO> Deleting fort.* *.o *.exe *.*~ ... done
AUTO> 